{'start': Timestamp('2018-01-02 00:00:00'), 'end': Timestamp('2018-12-28 00:00:00')}
current_to_end: 2019-01-01 00:00:00
end_date: 2018-12-31 00:00:00

updating portfolio...
Calculated error : 0.00023015398140345487
0.8001371001877357
Calculated error : 0.00023014167896331358
0.8002813035363128
Calculated error : 0.00023021128400262835
0.7981439541647046
Calculated error : 0.041929379506341624
trial :  4
1-th
2018-01-02 00:00:00

HPE : 0.8211
TSLA : 0.0191
RL : 0.0121
PHM : 0.0112
PEP : 0.0101
KDP : 0.0090
KMI : 0.0088
LOW : 0.0085
CPB : 0.0084
NVR : 0.0083
META : 0.0081
OKE : 0.0077
DHI : 0.0068
LEN : 0.0067
PEG : 0.0065
PXD : 0.0052
URI : 0.0050
AIZ : 0.0048
NI : 0.0046
GIS : 0.0038
PODD : 0.0030
AMCR : 0.0029
WELL : 0.0024
VICI : 0.0022
CNC : 0.0013
FSLR : 0.0012
VTR : 0.0010
ED : 0.0009
LNT : 0.0009
BIIB : 0.0008
ALL : 0.0008
SHW : 0.0005
MSFT : 0.0002
GOOGL : 0.0001
MMM : 0.0001
JPM : 0.0001
GOOG : 0.0001
FTV : 0.0001
ABBV : 0.0001
CTSH : 0.0001
CB : 0.0001
LLY : 0.0001
BA : 0.0001
MA : 0.0001
PYPL : 0.0001
ISRG : 0.0001
HBAN : 0.0001
CAT : 0.0001
COR : 0.0001
BAC : 0.0001
(weight sum) = 0.9961
(weight sum) = 0.9961074463015556

====================================
evaluating portfolio...
====================================

checking constraint satisfaction...
weights sum                  :  True
Cardinality constraint     :  True
====================================
inference time:  342.9082839488983 seconds ( 5.715138081709544 minutes)
Done!
